src: 1
referencevalue: 0.000000
threshold1: 60.000000
threshold2: 60.000000
threshold3: 60.000000
nodevicethreshold: -2.083687
nolightthreshold: -65.000000
comfirmwaittime: 0
