src: 2
referencevalue: 0.001000
threshold1: 3.000000
threshold2: 5.000000
threshold3: 15.000000
nodevicethreshold: -67.000000
nolightthreshold: -67.000000
comfirmwaittime: 1
