src: 2
referencevalue: -2.000000
threshold1: 60.000000
threshold2: 60.000000
threshold3: 60.000000
nodevicethreshold: -65.000000
nolightthreshold: -65.000000
comfirmwaittime: 0
