src: 1
referencevalue: 0.000000
threshold1: 60.000000
threshold2: 60.000000
threshold3: 60.000000
nodevicethreshold: 0.000011
nolightthreshold: -65.000000
comfirmwaittime: 808583168
